freq = 1296*10^6;
Z0 = 50;
lambdafc = 300000000/freq;
l = (lambdafc/4)*10^3
zl = sqrt(2)*Z0